#TPC Run					Veto Run
/ds50/data/test_processing/darkart_release3/Run	/ds50/data/test_processing/lsv/v3/ODRun
005369	000176
005370	000177
005372	000178
005373	000179
005375	000180
005376	000181
005378	000182
005379	000183
005381	000184
005382	000185
005384	000186
005385	000187
005387	000188
005388	000189
005390	000190
005391	000191
005393	000192
005396	000195
005398	000196
005399	000197
005401	000198
005402	000199
005404	000200
005405	000202
005407	000203
005408	000204
005412	000206
005413	000208
005417	000211
005418	000212
005420	000213
005421	000215
005423	000216
005424	000217
005426	000218
005427	000219
005432	000221
005433	000222
005435	000223
005436	000224
005438	000225
005440	000226
005441	000227
005444	000228
005445	000229
005449	000231
005450	000232
005452	000233
005453	000234
005455	000235
005456	000236
005460	000238
005461	000239
005463	000240
005464	000241
005468	000243
005469	000244
005471	000245
005472	000246
005473	000247
005475	000248
005476	000249
005478	000250
005479	000251
005481	000252
005484	000253
005485	000254
005488	000255
005489	000256
005495	000258
005496	000259
005500	000260
005501	000261
005503	000262
005504	000263
005506	000264
005507	000265
005509	000266
005510	000267
005511	000268
005513	000269
005514	000270
005516	000271
005519	000273
005521	000274
005522	000275
005524	000276
005525	000344
005529	000346
005530	000347
005533	000349
005534	000350
005536	000351
005539	000352
005540	000353
005542	000354
005544	000357
005547	000359
005548	000360
005549	000361
005551	000362
005552	000363
